ips = [
1023
1022
1021
1019
1015
1007
 991
 959
 895
 767
 511
 894
 958
 990
1006
1014
 766
 893
 957
 989
1005
 891
 765
 955
1013
 987
 887
1003
 763
 951
 879
 983
1011
 943
 510
 999
 975
 759
 927
 863
1020
 509
1018
1017
 942
 974
 998
 950
 982
 751
 892
 941
 507
 886
 831
 973
 997
 764
 926
 949
 981
 503
 885
 735
 995
 878
 925
 762
 971
 939
1016
 883
 877
 947
 761
 923
 979
 495
 758
 703
 875
 862
1004
 935
 919
 508
 757
 967
 988
 890
 861
 956
 750
1012
 479
 871
 755
 954
 506
1002
 911
 859
 986
 830
 749
 639
 889
 953
1010
 505
 829
 985
1001
 734
 855
 747
 502
1009
 934
 966
 447
 924
 876
 933
 733
 827
 501
 965
 760
 743
 847
 922
 918
 874
 494
 963
 731
 860
 931
 499
 702
 823
 888
 756
 870
 493
 383
 984
 952
 910
 701
 858
 727
 917
1008
 748
 815
 869
 478
 491
 940
 857
 972
 909
 699
 828
 754
 854
 638
 504
 746
 719
 477
 915
 884
 907
1000
 487
 799
 255
 853
 826
 732
 695
 745
 637
 948
 846
 475
 742
 500
 446
 980
 867
 825
 903
 851
 730
 822
 741
 635
 845
 938
 970
 687
 498
 445
 471
 729
 821
 492
 700
 882
 843
 996
 726
 946
 497
 814
 443
 631
 739
 921
 819
 978
 725
 490
 671
 382
 463
 873
 753
 698
 839
 813
 718
 937
 476
 489
 994
 881
 623
 439
 381
 697
 723
 945
 486
 798
 977
 811
 694
 717
 969
 636
 993
 908
 474
 902
 379
 797
 485
 693
 844
 431
 824
 715
 807
 607
 254
 856
 634
 473
 901
 686
 752
 728
 820
 444
 470
 795
 483
 691
 842
 920
 375
 633
 711
 685
 253
 880
 496
 944
 415
 469
 630
 841
 724
 442
 791
 818
 575
 838
 812
 899
 462
 670
 683
 744
 629
 251
 367
 441
 467
 992
 696
 722
 488
 669
 438
 810
 461
 837
 622
 783
 716
 380
 679
 627
 936
 872
 247
 437
 621
 809
 796
 916
 692
 667
 459
 484
 351
 806
 714
 378
 430
 472
 976
 794
 606
 852
 435
 619
 690
 482
 713
 805
 377
 663
 429
 455
 239
 684
 710
 632
 605
 374
 793
 689
 468
 906
 868
 740
 319
 615
 790
 968
 252
 414
 481
 427
 803
 682
 373
 655
 628
 603
 709
 466
 932
 574
 440
 789
 413
 223
 681
 366
 835
 668
 707
 460
 250
 423
 371
 678
 465
 782
 626
 573
 599
 787
 914
 365
 436
 411
 620
 850
 666
 249
 458
 964
 677
 625
 781
 246
 571
 350
 363
 665
 434
 191
 618
 457
 591
 407
 817
 738
 662
 866
 675
 779
 245
 428
 376
 454
 349
 433
 617
 604
 567
 930
 721
 661
 238
 359
 614
 453
 905
 849
 426
 737
 243
 399
 775
 372
 654
 347
 602
 318
 127
 237
 613
 659
 962
 425
 865
 559
 412
 913
 451
 929
 653
 601
 422
 370
 317
 343
 611
 961
 222
 235
 572
 598
 792
 364
 410
 688
 788
 369
 421
 816
 651
 248
 624
 221
 315
 780
 543
 597
 409
 570
 480
 362
 335
 231
 664
 736
 406
 419
 590
 864
 647
 778
 569
 219
 595
 244
 348
 311
 361
 190
 616
 432
 680
 566
 358
 405
 660
 589
 808
 464
 960
 242
 398
 346
 189
 565
 215
 774
 357
 403
 303
 612
 658
 236
 587
 424
 720
 558
 241
 397
 345
 600
 652
 187
 316
 773
 563
 355
 342
 848
 456
 610
 126
 234
 676
 583
 207
 557
 420
 395
 368
 650
 287
 341
 314
 928
 771
 596
 183
 220
 233
 125
 408
 712
 542
 555
 334
 230
 418
 649
 391
 313
 609
 339
 568
 218
 594
 646
 360
 541
 123
 310
 333
 229
 404
 840
 588
 175
 551
 912
 217
 452
 309
 804
 539
 188
 564
 227
 356
 331
 214
 402
 593
 586
 119
 302
 344
 396
 240
 307
 645
 159
 213
 401
 562
 186
 585
 354
 327
 301
 535
 556
 206
 786
 582
 708
 111
 394
 561
 340
 185
 211
 353
 904
 232
 286
 299
 182
 205
 643
 554
 836
 393
 124
 527
 312
 338
 581
 390
 285
 181
 802
 332
 540
 228
  95
 553
 203
 295
 674
 122
 337
 174
 550
 450
 389
 579
 216
 308
 283
 179
 900
 226
 330
 538
 121
 706
 199
 173
 549
 118
 387
 306
 279
  63
 329
 212
 225
 537
 300
 171
 158
 777
 326
 547
 657
 534
 117
 417
 305
 184
 210
 157
 110
 325
 834
 533
 204
 298
 271
 673
 898
 115
 167
 209
 449
 705
 109
 526
 180
 155
 297
 284
 323
 202
 531
 294
 785
  94
 525
 801
 833
 107
 282
 178
 201
 897
 151
 293
 198
 120
 172
  93
 560
 523
 177
 352
 281
 103
 552
 278
 291
 608
 336
 197
 170
 224
 143
 536
  91
 116
  62
 448
 304
 519
 277
 704
 156
 195
 169
  61
 592
 166
 270
 114
 532
  87
 548
 275
 108
 208
 154
 296
 113
 165
 269
  59
 896
 416
 530
 153
 106
  79
 150
 200
 524
 163
 328
 267
 292
 672
  55
 105
  92
 176
 149
 280
 102
 522
 290
 263
 196
 142
  90
 832
 101
  47
 147
 276
 584
 400
 521
 168
 141
  89
 518
  60
  99
  86
 194
 274
 656
  31
 139
 800
 112
 164
  58
  85
 268
 392
 152
 273
  78
  57
 162
  83
 135
 266
 517
  54
 104
  77
 148
 784
 161
 265
 648
  53
 262
 100
  75
 146
  46
  88
  51
 140
 580
 145
  98
  45
 261
  71
 515
 138
  84
  97
 324
  30
  43
 776
 137
 388
  56
  82
  29
 644
 134
  76
  39
  81
 133
  27
 259
  52
 546
  74
 193
 772
 322
  50
  23
  73
  44
  70
  49
 131
 578
  15
  69
  42
 386
 642
  28
 289
  41
  67
  38
 770
  26
 321
  37
 529
  25
  35
  22
 385
 545
 577
  21
 641
  14
 769
  48
  19
  40
  13
  96
  11
 192
  36
  24
  80
   7
 384
  20
 160
  18
 768
  12
 320
  10
  72
   9
   6
 640
 144
 288
 576
   5
 272
 544
 136
  68
 528
 264
   3
 132
 520
 260
  34
 516
  66
 130
 258
 514
  17
  33
  65
 129
 257
 513
 512
 256
 128
  64
  32
  16
   8
   4
   2
   1
   0
];
