ips = [
1023
1022
1021
1019
1015
1007
 991
 959
 895
 767
 894
 958
 990
1006
 766
1014
 893
 957
 989
1005
 765
 891
 955
1013
 987
 887
 763
1003
 951
 879
 983
1011
 943
 999
 927
 511
 759
 863
 975
1020
1018
1017
 942
 974
 751
 998
 950
 982
 892
 941
 886
 831
 764
 973
 926
 997
 949
 981
 735
 762
 878
 885
 995
 925
 971
 939
1016
 877
 761
 947
 923
 979
 758
 703
 510
 883
 862
 875
 757
1004
 919
 967
 935
 509
 861
 988
 890
 750
 956
 871
 755
 639
 859
 507
 830
 911
 749
1012
1002
 954
 986
 889
 734
1010
 829
 953
 855
 985
 747
1001
 503
1009
 934
 966
 924
 733
 876
 827
 933
 743
 847
 965
 760
 495
 731
 702
 918
 874
 931
 963
 823
 860
 922
 888
 870
 756
 984
 701
 727
 952
 479
 858
 910
 917
 748
 815
 508
1008
 869
 699
 940
 857
 638
 972
 909
 506
 828
 754
 854
 719
 746
 915
 502
 447
 799
 695
 637
 907
 884
 732
 853
 505
1000
 745
 826
 501
 742
 948
 846
 825
 980
 635
 494
 730
 851
 903
 687
 822
 867
 499
 741
 845
 383
 938
 729
 493
 970
 700
 821
 726
 882
 631
 843
 996
 478
 946
 491
 814
 671
 819
 739
 725
 698
 921
 978
 477
 873
 753
 839
 813
 718
 255
 945
 623
 487
 697
 723
 994
 881
 694
 937
 969
 446
 798
 475
 717
 636
 811
 993
 977
 908
 693
 824
 856
 607
 445
 797
 715
 902
 920
 471
 752
 634
 844
 807
 686
 880
 906
 728
 691
 443
 492
 795
 852
 820
 633
 382
 944
 685
 901
 711
 842
 490
 463
 630
 575
 818
 724
 381
 744
 439
 992
 504
 791
 476
 670
 841
 683
 629
 812
 838
 486
 936
 817
 722
 696
 379
 622
 669
 474
 431
 872
 485
 627
 716
 810
 783
 254
 679
 916
 621
 500
 473
 667
 444
 692
 375
 976
 796
 470
 740
 809
 714
 253
 837
 606
 806
 415
 619
 469
 442
 483
 690
 899
 713
 794
 663
 251
 684
 498
 367
 868
 632
 710
 605
 462
 441
 689
 467
 615
 793
 438
 380
 461
 968
 805
 790
 682
 709
 489
 655
 603
 932
 628
 247
 574
 835
 437
 351
 497
 378
 459
 789
 668
 681
 914
 707
 803
 430
 573
 626
 599
 850
 678
 435
 782
 964
 239
 377
 620
 429
 787
 738
 455
 666
 866
 374
 625
 677
 571
 319
 930
 781
 721
 252
 905
 414
 618
 849
 665
 591
 427
 373
 662
 223
 675
 737
 779
 366
 250
 962
 567
 865
 913
 413
 929
 604
 617
 371
 423
 961
 460
 440
 661
 614
 365
 472
 249
 411
 496
 436
 468
 654
 775
 602
 246
 613
 458
 191
 559
 350
 659
 363
 488
 792
 245
 653
 434
 601
 466
 407
 688
 457
 572
 376
 598
 349
 611
 428
 454
 238
 433
 359
 788
 816
 243
 651
 484
 680
 543
 624
 597
 426
 570
 347
 399
 780
 453
 318
 372
 127
 237
 736
 664
 482
 590
 412
 425
 864
 569
 317
 222
 451
 595
 370
 647
 343
 778
 422
 235
 566
 616
 589
 364
 660
 410
 808
 248
 221
 465
 960
 315
 369
 421
 720
 565
 231
 335
 587
 362
 409
 774
 612
 658
 558
 406
 190
 219
 244
 419
 311
 481
 348
 563
 600
 652
 361
 773
 848
 610
 405
 583
 358
 676
 928
 557
 189
 242
 215
 346
 712
 650
 398
 303
 236
 357
 596
 777
 609
 542
 403
 187
 241
 555
 840
 345
 912
 397
 126
 316
 649
 804
 207
 568
 355
 234
 342
 594
 541
 708
 646
 125
 588
 287
 183
 551
 771
 395
 904
 674
 220
 341
 233
 314
 593
 230
 645
 564
 334
 408
 539
 836
 313
 123
 586
 339
 368
 786
 218
 391
 310
 175
 706
 229
 333
 432
 562
 404
 535
 217
 585
 643
 309
 188
 556
 582
 214
 119
 227
 331
 900
 360
 561
 480
 302
 402
 159
 240
 186
 307
 213
 344
 581
 396
 554
 527
 802
 356
 301
 327
 657
 206
 111
 424
 185
 834
 211
 553
 540
 394
 340
 182
 579
 232
 286
 464
 205
 124
 299
 550
 673
 354
 393
 181
 312
 285
 898
 338
 538
  95
 390
 549
 122
 228
 705
 203
 332
 295
 174
 179
 216
 785
 537
 283
 389
 308
 121
 337
 226
 534
 547
 199
 330
 173
 456
 801
 118
  63
 420
 279
 212
 306
 833
 329
 225
 158
 533
 452
 117
 171
 300
 326
 897
 305
 526
 387
 210
 184
 110
 157
 531
 115
 325
 271
 298
 167
 204
 353
 418
 209
 525
 109
 450
 155
 180
 284
 297
 401
 323
 202
 294
  94
 107
 523
 417
 178
 449
 560
 151
 282
 201
 552
 293
  93
 120
 608
 172
 198
 536
 177
 103
 281
 704
 519
 278
 197
 291
 143
 170
 592
 548
  91
  62
 116
 896
 532
 672
 277
 584
 156
 169
 304
 195
  61
 114
 166
  87
 832
 270
 108
 530
 656
 275
 154
 224
 113
 165
  59
 296
 269
 524
 352
 153
 529
  79
 106
 150
 163
 800
 267
 208
 522
  92
  55
 448
 105
 102
 149
 176
 292
 280
 648
 521
  90
 142
 263
 336
 101
  47
 518
 147
 276
  89
 168
 141
 200
 416
  60
  86
 784
  99
 517
 274
 196
 328
 139
  31
 112
 164
  85
  58
 268
 152
 580
  78
 400
  57
  83
 162
 135
  54
 104
 266
  77
 776
 148
 273
 644
  53
 265
 100
  75
 161
  46
 146
 140
  51
  88
 262
  45
 515
  98
  71
 145
 392
 138
  84
  30
  97
  43
 772
 261
 546
 137
  29
  56
  82
 134
 324
  39
  76
 578
  81
  27
 133
  52
 388
  74
 642
 259
  50
 131
  23
  73
  44
  70
  49
 770
 290
  69
  15
  42
 545
 194
  28
  41
 322
  67
  38
 577
  26
 641
  37
 193
  25
  22
  35
 769
 386
  21
 289
 321
 385
  48
  14
  19
  13
  40
  96
  11
 768
 192
  24
  80
  36
   7
  20
 640
  18
 384
  12
 576
  10
 160
 320
   6
 544
   5
 144
 288
 528
  72
   3
 520
 272
 136
  68
 516
 264
 132
 514
  34
 260
   9
 513
  66
 130
 258
  17
  33
  65
 129
 257
 512
 256
 128
  64
  32
  16
   8
   4
   2
   1
   0
];
