ips = [
1023
1022
1021
1019
1015
1007
 991
 959
 895
 767
 511
 894
 958
 990
1006
1014
 766
 893
 957
 989
1005
 891
 765
 955
1013
 987
 887
1003
 951
 763
 879
 983
 510
1011
 943
 999
 975
 759
 927
 863
 509
1020
1018
1017
 942
 974
 998
 950
 751
 507
 982
 892
 941
 886
 831
 764
 973
 997
 926
 949
 981
 503
 735
 885
 995
 925
 878
 762
 971
 939
1016
 877
 947
 761
 923
 979
 495
 883
 758
 703
 862
 875
1004
 508
 757
 935
 919
 967
 861
 988
 890
 956
 750
 479
1012
 506
 755
 871
 954
 639
 911
 859
 830
1002
 986
 749
 505
 889
 953
1010
 829
 985
 734
 502
 855
1009
 747
 447
1001
 934
 966
 924
 876
 733
 933
 827
 501
 743
 847
 965
 760
 494
 918
 874
 731
 931
 702
 963
 499
 823
 860
 922
 383
 493
 888
 756
 870
 701
 984
 952
 727
 858
 910
 815
 917
 478
 748
 491
1008
 869
 940
 857
 699
 909
 972
 828
 638
 504
 854
 477
 754
 719
 746
 255
 487
 915
 907
 799
 884
 637
 695
1000
 853
 826
 732
 745
 475
 446
 500
 948
 742
 846
 825
 980
 851
 903
 730
 635
 867
 822
 741
 445
 498
 687
 845
 471
 938
 970
 492
 729
 821
 497
 700
 726
 882
 443
 631
 843
 996
 946
 814
 382
 490
 671
 739
 463
 819
 921
 978
 725
 698
 881
 839
 753
 813
 381
 439
 718
 476
 489
 623
 697
 723
 945
 486
 994
 873
 798
 937
 694
 811
 993
 636
 717
 474
 379
 969
 485
 431
 977
 908
 797
 693
 902
 254
 607
 473
 824
 715
 844
 634
 807
 686
 856
 444
 483
 470
 375
 728
 901
 795
 691
 820
 253
 920
 842
 633
 752
 685
 415
 711
 496
 469
 630
 442
 880
 575
 944
 724
 841
 791
 818
 462
 251
 367
 670
 683
 441
 812
 838
 629
 467
 899
 744
 488
 438
 992
 461
 696
 622
 380
 669
 722
 810
 716
 783
 679
 627
 837
 247
 437
 936
 351
 621
 459
 484
 692
 872
 667
 378
 809
 796
 916
 430
 714
 806
 472
 435
 606
 619
 239
 377
 976
 690
 482
 429
 455
 794
 713
 663
 852
 805
 374
 684
 710
 632
 605
 319
 252
 468
 689
 906
 793
 414
 615
 427
 373
 790
 868
 740
 968
 481
 655
 682
 223
 803
 603
 628
 466
 440
 574
 413
 366
 250
 789
 709
 371
 932
 423
 668
 460
 681
 835
 573
 465
 678
 626
 365
 914
 782
 599
 249
 436
 411
 620
 787
 707
 666
 458
 246
 625
 850
 191
 677
 571
 350
 781
 363
 964
 434
 457
 407
 665
 591
 618
 245
 428
 349
 662
 376
 454
 675
 817
 738
 866
 779
 433
 567
 238
 604
 359
 617
 243
 453
 661
 614
 930
 721
 399
 426
 347
 905
 372
 127
 318
 849
 737
 237
 654
 602
 775
 613
 412
 425
 559
 451
 659
 317
 422
 962
 370
 865
 222
 235
 343
 601
 913
 653
 929
 364
 572
 961
 611
 410
 598
 248
 369
 421
 221
 315
 792
 688
 788
 651
 816
 543
 231
 597
 624
 335
 570
 362
 780
 409
 419
 406
 664
 480
 219
 736
 244
 190
 590
 361
 311
 348
 569
 864
 647
 595
 432
 778
 566
 358
 405
 616
 589
 189
 660
 680
 242
 808
 464
 215
 346
 398
 960
 357
 565
 403
 236
 303
 587
 774
 241
 612
 424
 658
 345
 397
 187
 558
 720
 316
 600
 342
 126
 355
 234
 652
 207
 563
 773
 848
 610
 456
 676
 583
 557
 395
 287
 420
 368
 183
 341
 220
 125
 233
 314
 596
 650
 928
 408
 771
 230
 542
 334
 555
 712
 418
 313
 339
 391
 218
 649
 123
 594
 360
 310
 568
 229
 333
 646
 175
 840
 541
 404
 609
 588
 551
 217
 309
 912
 188
 214
 452
 119
 227
 356
 331
 539
 564
 402
 804
 302
 586
 159
 645
 240
 344
 396
 307
 213
 186
 354
 593
 401
 562
 301
 535
 327
 585
 206
 111
 556
 394
 185
 786
 211
 340
 582
 353
 708
 561
 232
 182
 286
 205
 299
 904
 124
 643
 393
 554
 527
 836
 338
 312
 390
 285
 181
 581
  95
 203
 332
 228
 802
 295
 540
 122
 553
 174
 337
 674
 389
 216
 179
 283
 308
 550
 579
 900
 121
 226
 330
 199
 173
 450
 538
 118
 706
 387
 549
  63
 212
 306
 225
 279
 329
 158
 171
 537
 300
 326
 117
 777
 534
 305
 657
 547
 834
 184
 210
 110
 157
 325
 115
 204
 298
 271
 167
 417
 533
 673
 898
 209
 109
 449
 155
 180
 705
 526
 284
 323
 297
 202
 531
 294
  94
 107
 785
 525
 801
 178
 282
 833
 151
 201
 897
 293
 172
 120
  93
 198
 177
 281
 103
 560
 523
 352
 552
 291
 608
 278
 197
 143
 170
 224
  62
  91
 116
 536
 336
 304
 277
 169
 156
 704
 195
 519
 448
  61
 114
 166
 592
  87
 270
 108
 532
 548
 275
 154
 208
 113
 296
 165
  59
 269
 896
 530
 106
 153
  79
 416
 150
 163
 200
 328
 267
 524
  55
  92
 292
 105
 672
 176
 149
 102
 280
 522
 263
 196
 290
  90
 142
 101
  47
 147
 832
 276
 168
  89
 521
 141
 400
 656
  60
  86
 518
  99
 274
 194
 584
  31
 164
 139
 112
  58
  85
 800
 268
 152
 324
  78
 517
 162
 135
  83
  57
  54
 273
 266
 104
  77
 148
 161
 784
  53
 265
 648
  75
 100
 262
 146
  46
  51
  88
 140
  98
 580
 145
  71
  45
 392
 515
 138
  84
  97
  30
  43
 261
 776
 137
  29
  56
  82
 134
 388
 644
  76
  39
  81
  27
 133
  52
 259
 546
  74
 193
 772
  50
  23
  73
 322
  44
  70
  49
 131
 578
  15
  69
  42
 386
 642
  28
  41
 289
  67
  38
 770
  26
 321
  37
 529
  25
  22
  35
 385
 545
  21
 577
 641
  14
 769
  48
  19
  13
  40
  96
  11
 192
  36
  24
  80
   7
 384
  20
 160
  18
 768
  12
 320
  10
  72
   9
   6
 640
 144
 288
 576
   5
 272
 544
 136
  68
 528
 264
   3
 132
 520
 260
  34
 516
  66
 130
 258
 514
  17
  33
  65
 129
 257
 513
 512
 256
 128
  64
  32
  16
   8
   4
   2
   1
   0
];
