ips = [
1023
1022
1021
1015
1019
1007
 991
 959
 895
 767
 894
 958
 990
1006
1014
 893
 766
 511
 957
 989
1005
 891
 765
1013
 955
 987
 887
1003
 951
 983
 763
 879
1011
 943
 999
 975
 927
1020
 759
1018
1017
 863
 974
 950
 998
 942
 982
 892
 510
 751
 973
 949
 997
 941
 509
 831
 886
 764
 981
 926
 507
 885
 995
 939
 503
 735
 925
 878
 762
 971
 495
1016
 883
 947
 877
 923
 761
 979
 479
1004
 758
 935
 862
 703
 875
 967
 890
 919
 757
 988
 956
1012
 889
 861
 954
1002
 871
 750
 447
 986
 755
 953
1010
 502
 911
 859
 830
 985
 749
 639
1001
 501
1009
 494
 966
 829
 934
 924
 855
 734
 747
 383
 499
 876
 493
 965
 933
 922
 760
 827
 733
 888
 508
 478
 743
 847
 963
 918
 491
 931
 731
 874
 756
 477
 860
 823
 984
 702
 255
 506
 952
 870
 487
 917
 910
1008
 858
 475
 701
 446
 727
 754
 869
 505
 815
 748
 940
 972
 909
 884
 857
 445
 915
 471
 699
 828
1000
 854
 746
 638
 948
 980
 719
 867
 907
 443
 753
 938
 382
 799
 853
 826
 970
 745
 463
 732
 882
 637
 492
 695
 846
 742
 903
 381
 439
 851
 825
 476
 996
 946
 730
 822
 490
 845
 873
 921
 486
 635
 379
 687
 474
 729
 431
 254
 741
 821
 978
 881
 843
 504
 726
 700
 473
 814
 375
 444
 739
 937
 631
 253
 470
 994
 485
 819
 945
 969
 725
 415
 671
 500
 698
 442
 813
 469
 839
 977
 251
 718
 483
 367
 462
 993
 908
 723
 441
 697
 623
 467
 856
 798
 811
 438
 498
 694
 380
 906
 717
 461
 247
 920
 902
 636
 489
 351
 437
 797
 844
 378
 693
 459
 824
 752
 807
 497
 715
 430
 880
 852
 435
 239
 944
 607
 820
 634
 377
 728
 686
 842
 795
 901
 429
 455
 374
 691
 319
 744
 252
 992
 711
 633
 872
 414
 740
 818
 373
 685
 427
 841
 223
 724
 630
 936
 916
 791
 250
 366
 838
 413
 440
 812
 976
 371
 817
 423
 575
 472
 670
 460
 365
 249
 629
 683
 722
 837
 246
 411
 899
 436
 696
 191
 810
 350
 458
 783
 716
 363
 669
 496
 622
 245
 721
 434
 679
 407
 627
 457
 376
 349
 809
 868
 428
 238
 796
 454
 692
 359
 243
 968
 488
 621
 667
 433
 127
 714
 318
 347
 237
 399
 426
 806
 372
 453
 932
 794
 690
 222
 468
 713
 412
 317
 425
 606
 235
 619
 805
 370
 343
 422
 710
 484
 663
 364
 221
 632
 248
 451
 410
 684
 315
 793
 689
 369
 466
 231
 421
 605
 835
 790
 335
 362
 409
 709
 190
 219
 803
 482
 244
 406
 615
 311
 419
 682
 914
 348
 361
 850
 655
 465
 189
 628
 358
 405
 603
 789
 481
 215
 242
 574
 681
 964
 346
 668
 236
 398
 707
 303
 357
 187
 782
 241
 403
 678
 126
 626
 866
 345
 738
 207
 316
 397
 787
 234
 573
 342
 355
 930
 905
 737
 599
 666
 125
 620
 183
 220
 781
 677
 287
 233
 395
 341
 314
 625
 368
 849
 962
 230
 334
 408
 571
 123
 865
 665
 218
 313
 339
 432
 175
 229
 913
 618
 391
 929
 310
 675
 360
 779
 333
 662
 591
 217
 188
 404
 961
 119
 309
 480
 227
 214
 792
 604
 617
 331
 424
 567
 159
 661
 302
 356
 402
 213
 186
 240
 614
 688
 307
 344
 396
 775
 111
 301
 206
 327
 816
 654
 464
 185
 211
 602
 788
 354
 182
 340
 232
 613
 394
 659
 124
 205
 680
 286
 420
 299
 736
 559
 864
 181
 653
 456
  95
 353
 601
 285
 312
 122
 203
 338
 228
 390
 174
 332
 611
 572
 786
 295
 598
 216
 179
 393
 337
 121
 808
 283
 308
 389
 173
 226
 651
 199
 118
 780
 624
 676
 330
  63
 597
 543
 452
 212
 570
 225
 158
 306
 279
 960
 171
 664
 329
 117
 720
 300
 326
 110
 590
 184
 157
 778
 305
 210
 387
 647
 569
 115
 595
 418
 167
 204
 325
 271
 298
 616
 109
 848
 209
 660
 566
 155
 589
 450
 180
 928
 284
 712
 202
 297
 323
  94
 294
 107
 774
 565
 178
 151
 201
 674
 612
 282
 587
 120
  93
 658
 172
 293
 198
 777
 177
 558
 103
 652
 401
 600
 281
 417
 197
  91
 773
 170
 143
 912
 563
  62
 116
 278
 657
 291
 840
 449
 583
 156
 557
 277
 169
  61
 610
 195
 650
 114
 804
  87
 166
 596
 708
 270
 304
 904
 609
 108
 154
 836
 542
 275
  59
 555
 113
 165
 706
 649
 269
 224
 153
  79
 771
 106
 594
 646
 568
 150
 163
 541
  55
 296
  92
 267
 352
 105
 588
 900
 551
 102
 149
 176
 593
 280
 208
 645
  90
 539
 448
 142
 564
 336
 263
 802
  47
 101
 586
 147
  89
 168
 276
 141
 673
  60
 292
  86
 834
  99
 585
 562
 535
  31
 139
 274
 112
 200
 416
  85
 164
  58
 643
 898
 582
 556
 268
 152
 561
  78
 328
  57
  83
 135
 162
 581
  54
 400
 527
  77
 266
 554
 104
 196
 148
 705
 273
  53
 785
 161
 540
 553
 265
  75
 100
 579
  46
 146
 550
 262
  51
  88
 140
 801
  45
 833
 392
 538
  71
  98
 145
 897
 261
 138
  84
  30
 549
  43
  97
 537
 324
 137
 194
 534
  56
  29
 547
  82
 388
 134
 608
  76
  39
  81
 560
 533
  27
 259
  52
 133
 290
  74
 193
 526
 322
  50
 704
  23
 531
  73
  44
  70
 552
 525
  49
 592
 131
 386
  69
  15
  42
 896
 289
 523
 548
 321
  28
  41
 672
  67
 385
  38
 536
 584
  26
 832
 546
  37
 519
 656
  25
 532
  22
  96
  35
 800
  80
  21
  48
 530
 192
 580
 648
  14
  19
 524
 384
  13
  40
 160
 522
  11
 784
  36
  72
 521
  24
 320
 518
   7
  34
  20
 517
 144
 776
  18
 288
 644
  12
  17
  10
 515
 772
   9
   6
 578
 272
 136
 642
   5
 770
 264
 529
  68
 132
 545
 260
 577
   3
 641
  66
 769
 130
 258
  33
  65
 129
 257
 768
 640
 576
 256
 544
 128
 528
  64
 520
  32
 516
  16
 514
   8
 513
   4
   2
   1
 512
   0
];
