ips = [
1023
1022
1021
1019
1015
1007
 991
 959
 895
 767
 511
 990
1014
1006
 958
 894
 957
1020
1005
 989
 893
1018
 955
1017
1013
 891
1011
1003
 999
 987
 983
 975
 951
 943
 887
 766
 510
 927
 765
 879
 763
 509
 974
 759
1004
 863
 998
 988
 982
 507
 956
 942
 751
1016
 950
 503
1012
 986
 954
 892
1010
 981
 973
 941
 735
1009
1002
 890
1001
 831
 997
 985
 953
 886
 995
 979
 949
 971
 947
 967
 889
 939
 885
 926
 495
 925
 935
 883
 878
 923
 877
 764
 762
 875
 919
 761
 862
 758
 703
 984
 972
 861
 952
 757
 871
 859
 911
 755
 750
1008
 970
 948
 749
 855
 830
 940
 747
 639
1000
 479
 946
 966
 829
 938
 734
 888
 733
 996
 965
 945
 827
 934
 884
 847
 743
 994
 980
 937
 924
 933
 882
 922
 731
 876
 823
 508
 993
 727
 978
 921
 881
 702
 874
 506
 977
 918
 815
 701
 505
 969
 917
 873
 870
 860
 963
 931
 699
 760
 915
 869
 910
 858
 719
 756
 909
 857
 754
 867
 854
 695
 748
 799
 753
 907
 638
 637
 853
 687
 828
 746
 635
 851
 826
 846
 745
 903
 825
 845
 742
 732
 822
 741
 447
 502
 730
 631
 501
 499
 494
 493
 992
 843
 821
 729
 739
 944
 726
 671
 819
 814
 936
 725
 839
 700
 813
 623
 920
 698
 723
 811
 491
 976
 718
 717
 697
 798
 694
 607
 715
 797
 383
 478
 968
 693
 807
 477
 932
 880
 916
 872
 795
 691
 487
 914
 686
 636
 868
 711
 908
 685
 856
 634
 852
 475
 964
 633
 791
 575
 866
 906
 865
 683
 752
 630
 844
 629
 962
 744
 905
 850
 902
 670
 679
 669
 783
 627
 622
 667
 471
 446
 255
 961
 621
 849
 824
 820
 445
 930
 842
 740
 619
 841
 728
 663
 504
 443
 929
 818
 738
 838
 812
 724
 500
 463
 913
 817
 737
 606
 498
 901
 837
 810
 722
 605
 615
 439
 899
 716
 809
 721
 696
 835
 806
 714
 796
 603
 692
 655
 805
 713
 794
 690
 710
 793
 599
 574
 573
 803
 684
 689
 571
 790
 709
 382
 682
 591
 789
 381
 492
 497
 681
 632
 707
 678
 490
 431
 628
 668
 787
 567
 782
 379
 677
 489
 626
 666
 781
 486
 476
 485
 474
 375
 473
 483
 470
 254
 415
 960
 620
 625
 665
 675
 618
 662
 779
 864
 617
 661
 559
 614
 367
 253
 251
 848
 604
 659
 613
 654
 775
 602
 543
 653
 469
 444
 467
 928
 601
 611
 598
 651
 597
 442
 462
 572
 441
 461
 595
 247
 912
 438
 840
 816
 570
 590
 736
 647
 808
 569
 589
 459
 437
 720
 351
 566
 712
 792
 565
 239
 904
 587
 435
 836
 804
 688
 430
 380
 455
 802
 708
 788
 680
 429
 706
 378
 563
 786
 558
 583
 557
 319
 427
 555
 377
 223
 900
 374
 414
 373
 542
 676
 705
 780
 413
 423
 541
 898
 496
 785
 551
 664
 674
 624
 778
 371
 366
 660
 673
 488
 411
 616
 539
 365
 897
 658
 484
 612
 252
 250
 834
 774
 652
 657
 472
 482
 600
 610
 363
 650
 468
 833
 481
 596
 407
 609
 535
 249
 801
 649
 466
 350
 594
 777
 246
 646
 460
 191
 773
 465
 588
 440
 349
 593
 359
 771
 527
 245
 399
 347
 243
 645
 568
 238
 586
 564
 237
 343
 458
 585
 643
 436
 562
 318
 582
 457
 556
 434
 235
 561
 317
 127
 454
 581
 428
 554
 433
 453
 426
 553
 222
 315
 579
 550
 425
 335
 376
 221
 231
 540
 451
 422
 896
 549
 372
 412
 538
 421
 219
 370
 311
 410
 537
 547
 364
 369
 534
 409
 419
 704
 362
 406
 533
 190
 215
 303
 832
 189
 531
 526
 187
 405
 525
 361
 207
 358
 348
 403
 523
 357
 398
 800
 346
 248
 183
 287
 397
 672
 345
 244
 355
 342
 656
 242
 126
 395
 519
 341
 608
 236
 241
 784
 125
 648
 316
 592
 234
 480
 175
 339
 314
 584
 233
 334
 123
 391
 464
 230
 776
 560
 313
 333
 220
 644
 580
 456
 310
 229
 552
 218
 578
 432
 452
 309
 331
 548
 119
 217
 159
 227
 111
 307
 772
 214
 302
 327
 213
 301
 536
 546
 188
 532
 211
 299
 206
 186
 424
 770
 450
 205
 545
 530
 185
 524
 420
 182
 449
 286
  95
 408
 529
 522
 418
 203
 181
 285
 295
 368
 404
 417
 360
 518
 402
 179
 283
 174
 769
 356
 124
 396
 401
 199
 122
 642
 344
 173
 354
 394
 340
 353
  63
 641
 121
 393
 279
 240
 171
 338
 577
 118
 390
 232
 521
 158
 117
 167
 157
 517
 271
 115
 110
 155
 109
 332
 515
 337
 389
 312
 330
 107
 308
 228
 151
 329
 387
 306
 216
 226
 326
  94
 300
 305
 212
 225
 325
  93
 298
 103
 210
 297
 204
 209
 323
 184
  91
 294
 143
 202
 284
 180
 768
 293
 201
 282
 178
 198
 281
 172
 177
  62
 291
  87
 197
 278
  61
  59
  79
 170
 277
 169
 640
  55
 195
 120
 166
 275
 156
 116
 270
 165
 154
 114
 269
 108
 153
 576
 448
 113
 163
 150
 106
 416
 267
  47
 149
 105
 400
 102
 352
 392
  92
 147
 101
 544
 142
 336
  90
 388
 263
 141
 328
  89
  99
 304
  86
 324
 224
  31
 139
 528
  85
  60
 386
  83
  78
  58
 135
  77
  57
  54
  75
 520
  53
 296
 322
 208
 292
 200
  51
 280
 290
  46
 176
 196
 276
  71
 516
  45
 289
 168
 194
 274
 164
 193
 268
 273
  43
 152
 162
 112
 266
 148
 161
  30
 104
  29
 514
 265
 146
 262
 100
  39
  27
  23
 140
 145
  88
 513
  98
 138
  84
 385
  97
 137
  82
  15
 321
 261
 134
  76
  81
  56
 259
 133
  74
  52
  73
 131
  50
  70
  44
  49
  69
  42
  41
  67
  38
  28
  37
  26
  25
  35
  22
  21
  19
  14
  13
  11
 512
  96
   7
  48
  24
 384
 192
  80
  40
  20
  12
 320
 160
  36
  10
 288
 144
  18
 272
  72
   9
   6
 264
   5
 260
 136
 258
 132
  68
 257
 130
 129
  66
  65
  34
  33
  17
   3
 256
 128
  64
  32
  16
   8
   4
   2
   1
   0
];
