ips = [
        1023
        1022
         991
        1021
        1019
        1015
         959
        1007
         895
         990
         958
         767
        1006
        1014
         957
         989
        1005
        1013
         955
         987
         894
        1003
         951
         893
         983
         511
        1011
         999
         975
         891
         943
        1017
         766
        1018
        1020
         982
         887
         998
         765
         927
         956
         974
         879
         997
         763
         981
         954
         973
         950
         892
         995
         510
         979
         759
         949
         863
         890
         509
         942
         971
        1012
         889
        1004
         941
         886
         967
         751
         947
         507
         885
         831
         926
         939
         988
         764
        1016
         925
         878
        1002
         883
         503
         762
         735
         935
         986
         953
         877
        1009
         923
         761
         985
        1001
         758
         862
         875
         495
        1010
         757
         972
         703
         919
         861
         966
         940
         750
         871
         508
         755
         952
         888
         749
         911
         859
         479
         965
         938
         830
         506
         984
         884
         747
         639
         829
         505
         734
        1000
         924
         934
         855
         502
         882
         733
         933
         922
         827
         876
         501
         743
         447
         963
         921
         948
         847
         760
         874
         731
        1008
         918
         494
         499
         702
         823
         873
         756
         917
         980
         493
         701
         860
         870
         727
         754
         910
         931
         858
         869
         915
         383
         491
         815
         478
         748
         699
         753
         970
         909
         857
         477
         993
         867
         854
         719
         746
         638
         828
         487
         946
         907
         695
         853
         504
         745
         978
         637
         799
         826
         475
         732
         742
         446
         846
         881
         851
         500
         255
         825
         937
         903
         730
         741
         635
         445
         687
         994
         845
         822
         969
         471
         945
         498
         729
         821
         739
         492
         726
         443
         843
         977
         996
         700
         497
         631
         920
         463
         490
         814
         725
         382
         819
         880
         439
         671
         813
         839
         489
         698
         916
         381
         623
         718
         476
         723
         486
         908
         856
         697
         811
         944
         717
         872
         379
         798
         694
         485
         474
         431
         906
         852
         752
         797
         693
         636
         976
         473
         715
         807
         607
         483
         470
         905
         375
         254
         850
         634
         744
         686
         795
         691
         902
         444
         824
         844
         469
         253
         415
         936
         633
         711
         685
         740
         968
         442
         630
         842
         820
         367
         462
         467
         728
         791
         251
         683
         629
         441
         738
         575
         841
         670
         818
         461
         901
         438
         724
         838
         812
         496
         868
         669
         964
         622
         817
         627
         380
         437
         679
         783
         459
         737
         722
         247
         810
         351
         621
         488
         378
         696
         667
         716
         430
         837
         435
         809
         932
         721
         377
         796
         619
         806
         714
         692
         455
         484
         429
         606
         239
         374
         472
         899
         663
         805
         794
         713
         690
         605
         482
         373
         427
         835
         319
         684
         414
         710
         615
         793
         468
         689
         252
         481
         632
         803
         790
         961
         603
         413
         655
         866
         682
         366
         371
         574
         223
         466
         423
         250
         709
         789
         628
         681
         365
         440
         460
         914
         573
         707
         411
         668
         465
         678
         249
         599
         626
         782
         787
         458
         246
         436
         929
         363
         677
         666
         350
         571
         620
         849
         625
         781
         962
         407
         245
         865
         457
         665
         434
         191
         349
         618
         591
         913
         675
         662
         930
         454
         428
         359
         238
         243
         567
         779
         433
         617
         992
         661
         808
         237
         347
         399
         604
         453
         376
         614
         426
         318
         736
         654
         659
         613
         602
         559
         425
         235
         372
         775
         127
         317
         816
         222
         451
         412
         343
         422
         653
         864
         601
         720
         598
         611
         370
         221
         315
         421
         410
         792
         688
         651
         231
         572
         364
         597
         912
         543
         369
         848
         335
         409
         219
         570
         362
         419
         406
         788
         680
         248
         590
         595
         311
         480
         190
         804
         712
         647
         569
         361
         405
         589
         189
         566
         348
         244
         786
         358
         676
         215
         904
         464
         780
         398
         565
         403
         624
         357
         664
         346
         587
         303
         242
         840
         187
         674
         236
         397
         345
         456
         778
         241
         558
         660
         563
         616
         355
         207
