ips = [
 127
 126
 125
 123
 119
 111
  95
  63
 124
 122
 118
 117
 115
 110
 109
 107
 103
  94
  93
  91
  87
  79
  62
  61
  59
  55
  47
  31
 121
 120
 116
 114
 108
 106
 105
 102
 101
  99
  92
  90
  89
  86
  85
  83
  78
  77
  75
  71
  60
  58
  57
  54
  53
  51
  46
  45
  43
  39
  30
  29
  27
  23
  15
 113
 112
 104
 100
  98
  88
  84
  82
  81
  76
  74
  73
  70
  69
  67
  56
  52
  50
  49
  44
  42
  41
  38
  37
  35
  28
  26
  25
  22
  21
  19
  14
  13
  11
   7
  97
  96
  80
  72
  68
  66
  48
  40
  36
  34
  33
  24
  20
  18
  17
  12
  10
   9
   6
   5
   3
  65
  64
  32
  16
   4
   8
   2
   1
   0
];
SNR_TH = [
-8.4739413927e+000
-5.1589107676e+000
-4.7142416914e+000
-4.3989772419e+000
-4.1329495772e+000
-3.8934242516e+000
-3.6711323052e+000
-3.4617167828e+000
-1.8620108417e+000
-1.4442001539e+000
-1.2570329220e+000
-1.0535631818e+000
-8.4504036931e-001
-7.9784880625e-001
-7.2271769634e-001
-6.1593175167e-001
-4.8065576935e-001
-4.6606794233e-001
-4.3974334607e-001
-3.9561659331e-001
-3.2844872447e-001
-2.3695527809e-001
-2.2357277339e-001
-1.9996221410e-001
-1.6157527687e-001
-1.0518856579e-001
-3.0703528319e-002
5.9011362027e-002
1.7537811073e-001
1.4165584627e+000
1.8113880162e+000
2.0942674507e+000
2.1811607876e+000
2.3026033514e+000
2.4530312256e+000
2.5510652014e+000
2.6797064045e+000
2.8308276297e+000
2.8371657268e+000
2.8493298474e+000
2.8718310758e+000
2.8926269966e+000
2.9291235586e+000
2.9880009755e+000
3.0070423638e+000
3.0402509379e+000
3.0935145984e+000
3.1702229078e+000
3.1713316240e+000
3.1735249818e+000
3.1778167305e+000
3.1822405313e+000
3.1906919251e+000
3.2062322902e+000
3.2139978628e+000
3.2281050668e+000
3.2520924718e+000
3.2894216594e+000
3.3087236690e+000
3.3386554732e+000
3.3804763318e+000
3.4336672560e+000
3.4963460150e+000
3.5828545154e+000
4.6804117295e+000
5.0544582191e+000
5.3233965649e+000
5.5524443300e+000
5.5929285311e+000
5.6592706381e+000
5.7565065124e+000
5.8827747707e+000
5.9288696549e+000
6.0016158340e+000
6.1032492830e+000
6.1754627456e+000
6.2755521876e+000
6.3989549945e+000
6.3998724450e+000
6.4016954112e+000
6.4052921184e+000
6.4122914500e+000
6.4157607662e+000
6.4225129993e+000
6.4353435789e+000
6.4476147038e+000
6.4700364857e+000
6.5082425042e+000
6.5106143733e+000
6.5152058774e+000
6.5239843284e+000
6.5328884800e+000
6.5491898614e+000
6.5772481938e+000
6.5915884613e+000
6.6161147295e+000
6.6544283158e+000
6.7086283281e+000
6.8082631170e+000
7.9309351486e+000
8.2860394684e+000
8.5424631252e+000
8.7612071284e+000
8.9601348457e+000
8.9789732383e+000
9.0128713218e+000
9.0692481981e+000
9.1536170221e+000
9.2653229623e+000
9.2870197888e+000
9.3250415078e+000
9.3862604699e+000
9.4742579130e+000
9.5086408197e+000
9.5645139203e+000
9.6457729093e+000
9.7057100735e+000
9.7903026897e+000
9.8967630113e+000
1.0022000053e+001
1.1169144262e+001
1.1507250469e+001
1.1752118634e+001
1.1961683880e+001
1.2152408429e+001
1.2331292687e+001
1.2501265367e+001
1.4394972993e+001
];
