ips = [
 127
  95
  63
 111
 119
 123
 125
 126
  94
 107
 115
  93
  62
 103
 117
  61
  87
 109
  91
  59
 118
 110
  79
  55
 121
 122
 124
 102
  47
  90
 101
  60
  86
  99
  31
  85
  58
 113
  78
  57
  83
  54
 105
  77
  53
  75
 114
  46
  51
  89
  45
 106
  71
 116
  30
  92
  43
  29
 108
 120
  39
  76
  56
  27
  81
  74
  50
  23
  97
  44
  70
  49
  15
  69
  42
  98
  28
  41
  82
  38
  26
  67
  37
  25
  22
 100
  35
  84
  21
  14
 104
  19
  52
  13
  73
  11
  88
 112
  24
   7
  34
  20
  65
  18
  12
  33
  10
  66
   9
   6
   5
  68
  36
  72
   3
  40
  80
  17
  48
  96
   1
   2
   4
   8
  16
  32
  64
   0
];
SNR_TH = [
-8.4739413927e+000
-5.1589018549e+000
-4.7143595037e+000
-4.3990991521e+000
-4.1332203918e+000
-3.8938019681e+000
-3.6716376175e+000
-3.4623270505e+000
-2.1400047536e+000
-1.8453898304e+000
-1.6389688919e+000
-1.4603992435e+000
-1.3949525100e+000
-1.2757589319e+000
-1.1556621944e+000
-1.0964771849e+000
-9.9579079309e-001
-8.8924057549e-001
-7.7634852147e-001
-7.2197839851e-001
-6.2412052648e-001
-5.0979321124e-001
-4.0077211102e-001
-3.3729965566e-001
-2.2720113629e-001
-1.0588929290e-001
2.2797293495e-002
9.9521996221e-001
9.9607635522e-001
1.3532899250e+000
1.5711420379e+000
1.6731547401e+000
1.7609027796e+000
1.9059229665e+000
1.9059799775e+000
1.9939157995e+000
2.0526998886e+000
2.1503268485e+000
2.1746211802e+000
2.2387894453e+000
2.3116292083e+000
2.3539140425e+000
2.4248755188e+000
2.4578077975e+000
2.5085998070e+000
2.5554846483e+000
2.6290520816e+000
2.6423842344e+000
2.7036437136e+000
2.7717471146e+000
2.7994043217e+000
2.8726673895e+000
2.9392638174e+000
3.0298802792e+000
3.0426343321e+000
3.1352563691e+000
3.1683407794e+000
3.1946685002e+000
3.2891219552e+000
3.3935304987e+000
3.4359171637e+000
4.2249722010e+000
4.5948856813e+000
4.5949159539e+000
4.8065638659e+000
4.9589867122e+000
5.0809270074e+000
5.0809333590e+000
5.1959252381e+000
5.2360252175e+000
5.2926422260e+000
5.3950410965e+000
5.3950514435e+000
5.4594724928e+000
5.5146038369e+000
5.5927410047e+000
5.5989304534e+000
5.6658820086e+000
5.7319648261e+000
5.7762581552e+000
5.7855895045e+000
5.8554254123e+000
5.9133440419e+000
5.9286948317e+000
5.9436434717e+000
6.0141179222e+000
6.0870740633e+000
6.1618121923e+000
6.1835613172e+000
6.1955476948e+000
6.2848562351e+000
6.3214807515e+000
6.4025532384e+000
6.4314626879e+000
6.5159098315e+000
6.5576594393e+000
6.6532997764e+000
6.7571473285e+000
7.4770348123e+000
7.4794027884e+000
7.8729538736e+000
8.0634377268e+000
8.2487331773e+000
8.3825331251e+000
8.4362478019e+000
8.5521443258e+000
8.6278996873e+000
8.7229200243e+000
8.8154700422e+000
8.8849867298e+000
8.9835133660e+000
9.0766532137e+000
9.1803458682e+000
9.2919363012e+000
9.4005703111e+000
9.5201046229e+000
9.6406074543e+000
9.7676851344e+000
9.8955788440e+000
1.0020750116e+001
1.1169136937e+001
1.1507058537e+001
1.1751805868e+001
1.1961151778e+001
1.2151850408e+001
1.2330595648e+001
1.2500528221e+001
1.4394987796e+001
];
